id,label,minimal_fix,anchor,evidence,decidable_from_response,note
C001,dependency,use a functionId whose function has an activated tag -- POST /functions/{functionId}/tags then PATCH /functions/{functionId}/tag with the returned tag id,"probe: POST /v1/functions -> $id=6abfe05469c6a (tag:""""), POST .../executions with the case's body -> 404 ""Tag not found. Deploy tag before trying to execute a function""; then POST .../tags -> $id=6abfe05477312, PATCH .../tag {""tag"":""6abfe05477312""} -> 200, and the byte-identical POST .../executions -> 201; check at app/controllers/api/functions.php:708",probe,yes,"The handler only takes functionId and data; the barrier is the function's `tag` attribute, so the request body was innocent and the fix is a precondition/id that another endpoint must create -- the response text even names the producing step."
C002,neither,"none - the request already succeeded; it renders the SPA index template, whose body can never contain ""success"":true",chat2db-server/chat2db-server-web-start/src/main/java/ai/chat2db/server/web/start/controller/thymeleaf/ThymeleafController.java:26,source,yes,"GET /web/ maps to ThymeleafController.index() which returns the view ""index""; the 200 HTML is correct behaviour and the failure is purely the --custom_judge criterion (Judge.json requires the literal ""success"":true)."
C003,neither,"none - the Thymeleaf view ""login"" is not packaged in this build","chat2db-server/chat2db-server-web/chat2db-server-web-api/src/main/java/ai/chat2db/server/web/api/controller/PageController.java:24   | probe: `jar tf /app/chat2db-server-web-start.jar | grep thymeleaf/` lists only BOOT-INF/classes/thymeleaf/template.html and index.html; GET /login.html -> 500 and the container log shows ""Error resolving template [login]"" (12x)   | also: spring.thymeleaf.prefix=classpath:/thymeleaf/ at chat2db-server/chat2db-server-web-start/src/main/resources/application.yml:15",probe,no,"PageController is @Controller without @ResponseBody and returns the view name ""login"", but no login.html template ships in the jar, so Thymeleaf throws TemplateInputException on every request regardless of input."
C004,neither,"none - the Thymeleaf view ""register"" is not packaged in this build","chat2db-server/chat2db-server-web/chat2db-server-web-api/src/main/java/ai/chat2db/server/web/api/controller/PageController.java:29   | probe: GET /register.html -> 500; container log ""Error resolving template [register]"" (8x); jar contains only thymeleaf/template.html and thymeleaf/index.html",probe,no,"Same mechanism as C003: the view name has no template in this build, so the 500 is unconditional."
C005,dependency,use a chart id returned by POST /api/chart/create instead of 1,"chat2db-server/chat2db-server-domain/chat2db-server-domain-core/src/main/java/ai/chat2db/server/domain/core/impl/ChartServiceImpl.java:84   | probe: POST /api/chart/create {""name"":""audit-probe"",""type"":""MYSQL""} -> {""success"":true,""data"":11}; DELETE /api/chart/11 -> {""success"":true}; DELETE /api/chart/1 still NPEs",probe,yes,"find(id) dereferences selectById(id) without a null check, so a non-existent chart id becomes an NPE instead of a not-found; only an id created/listed by another endpoint fixes it."
C006,neither,"none - ExportController is @Controller without @ResponseBody, so any successful return value is treated as a view name and 500s","chat2db-server/chat2db-server-web/chat2db-server-web-api/src/main/java/ai/chat2db/server/web/api/controller/task/ExportController.java:17   | probe: adding originalSql (ds=2, voapi_demo) -> HTTP 500 {""status"":500,""path"":""/api/export/export_data""}; exportSize=CURRENT_PAGE -> same; container log: ""Error resolving template [api/export/export_data]"" (16x)   | also: the reported assertion is TaskBizService.java:90-91, which picks request.getOriginalSql() whenever exportSize != CURRENT_PAGE",probe,no,"The body blames the missing originalSql, and supplying it does clear the assertion - but the handler then returns DataResult<Long> from a plain @Controller, so no request shape can ever produce ""success"":true; only error paths serialise, via the @ResponseBody exception advice."
C007,neither,"none - same @Controller-without-@ResponseBody defect; the handler's DataResult is resolved as the view ""api/export/export_doc""","chat2db-server/chat2db-server-web/chat2db-server-web-api/src/main/java/ai/chat2db/server/web/api/controller/task/ExportController.java:37   | probe: POST /api/export/export_doc with a valid ds=2/voapi_demo body -> HTTP 500; container log ""Error resolving template [api/export/export_doc]"" (8x)",probe,no,"The bare 500 is view resolution after the handler succeeded (the export task is actually created and runs async), so the transport error hides a working business call that can never be reported as success."
C008,neither,"none - after the missing multipart file is supplied the handler still has to call the external Chat2DB gateway, which this build cannot talk to","chat2db-server/chat2db-server-web/chat2db-server-web-api/src/main/java/ai/chat2db/server/web/api/http/GatewayClientService.java:104   | probe: POST -F file=@probe.pdf -> {""success"":false, ForestConvertException at GatewayClientService.knowledgeVectorSave(:109) <- KnowledgeController.embeddings(:84)}; raw request from inside the container to http://test.sqlgpt.cn/gateway/... returns 301 to https with Content-Type: text/html   | also: KnowledgeController.java:65 is the reported NPE (file is null); chat2db.gateway.base-url is http://test.sqlgpt.cn/gateway in application-release.yml",probe,no,"Adding the `file` part is a legitimate parameter fix but only moves the failure from line 65 to line 84; the gateway is configured over http, answers 301 text/html, and Forest has no converter for it, so the endpoint cannot succeed in this deployment."
C009,neither,"none - the endpoint is a demo SSE emitter that already worked; an SSE stream cannot contain ""success"":true",chat2db-server/chat2db-server-web/chat2db-server-web-api/src/main/java/ai/chat2db/server/web/api/controller/ai/ChatController.java:158,source,yes,"customChat ignores the request body entirely and emits the fixed strings ""Event 0""..""Event 9""; the recorded response is the complete, correct output and the failure is the --custom_judge body criterion."
C010,dependency,set dataSourceId to an existing datasource id from GET /api/connection/datasource/list (or POST .../create),"chat2db-server/chat2db-server-web/chat2db-server-web-api/src/main/java/ai/chat2db/server/web/api/aspect/ConnectionInfoHandler.java:72   | probe: body with dataSourceId=null -> paramDetailError; changing only dataSourceId to 2 -> {""success"":true,""data"":""SELECT * FROM users GROUP BY GROUPING SETS ()""}",probe,yes,"The ConnectionInfoAspect resolves dataSourceId against the datasource table before the handler runs and throws ParamBusinessException(""dataSourceId"") when the row is absent; nothing else in the payload mattered."
C011,dependency,set dataSourceId to an existing datasource id (2) instead of 1,"chat2db-server/chat2db-server-web/chat2db-server-web-api/src/main/java/ai/chat2db/server/web/api/aspect/ConnectionInfoHandler.java:72   | probe: GET /api/rdb/ddl/schema_list?dataSourceId=1 -> paramDetailError; ?dataSourceId=2 -> {""success"":true,""data"":[]}",probe,yes,Datasource id 1 did not exist in the run (nor afterwards); the only change needed is an id another endpoint produced.
C012,neither,none - createTableExample discards its dbType argument and reads a thread-local that this endpoint's request type can never populate,"chat2db-server/chat2db-server-domain/chat2db-server-domain-core/src/main/java/ai/chat2db/server/domain/core/impl/TableServiceImpl.java:97   | probe: ?dbType=MYSQL -> NPE; ?dbType=MYSQL&dataSourceId=2 -> same NPE; ?dbType=MYSQL&dataSourceId=2&databaseName=voapi_demo -> same NPE   | also: TableCreateDdlQueryRequest.java:13 declares only dbType and implements none of DataSourceBaseRequest / DataSourceBaseRequestInfo / DataSourceConsoleRequestInfo, which are the only types ConnectionInfoHandler.java:45-59 puts into Chat2DBContext",probe,no,"The handler passes dbType to createTableExample(String dbType), which ignores it and calls the no-arg Chat2DBContext.getDBConfig(); since the bound request object carries no datasource field, the aspect never fills the thread-local and the NPE is unconditional."
C013,neither,none - alterTableExample discards its dbType argument and reads the same unfillable thread-local,chat2db-server/chat2db-server-domain/chat2db-server-domain-core/src/main/java/ai/chat2db/server/domain/core/impl/TableServiceImpl.java:103   | probe: GET /api/rdb/ddl/update/example?dbType=MYSQL&dataSourceId=2&databaseName=voapi_demo -> same NullPointerException as with dbType alone   | also: TableUpdateDdlQueryRequest.java:13 declares only dbType and implements none of the three DataSource* request interfaces,probe,no,"Identical shape to C012; omitting dbType only moves the error to a @NotNull validation failure, and supplying any datasource field is silently dropped because it is not bound."
C014,dependency,"point dataSourceId at a datasource whose stored row carries an ssh block (the fixture, id 2) rather than id 3","chat2db-spi/src/main/java/ai/chat2db/spi/jdbc/DefaultDBManage.java:61   | probe: created a datasource via POST /api/connection/datasource/create with correct host/credentials but no ""ssh"" field (id 18) -> GET /api/rdb/table/type_list?dataSourceId=18 reproduces connection.ssh.error; POST /api/connection/datasource/update adding only an empty ssh block -> same request returns {""success"":true}; datasource 18 then deleted   | also: DefaultDBManage.java:69 is the throw site; the run's id 3 was created earlier in the run by POST /api/admin/data_source/create {'alias':'Test DB','url':'jdbc:mysql://localhost:3306/test','password':'password123','type':'MYSQL','environmentId':1}, i.e. with ssh=null",probe,no,"getConnection does ssh.setRHost(host) before checking whether ssh is null, so a datasource row stored without an ssh block NPEs there and is reported as ""SSH connection failed, please check the connection information"" - the fix is a usable datasource id (or a datasource/update call), never a field of this request."
C015,dependency,point dataSourceId at a datasource whose stored row carries an ssh block (id 2) rather than id 3,"chat2db-spi/src/main/java/ai/chat2db/spi/jdbc/DefaultDBManage.java:61   | probe: GET /api/rdb/database/list?dataSourceId=18&refresh=false (ssh-less row) -> connection.ssh.error; after datasource/update added an empty ssh block -> {""success"":true,""data"":[sys, information_schema, mysql, ...]}; ?dataSourceId=2 also succeeds",probe,no,Same ssh=null mechanism as C014; the response's wording points the repair at connection parameters that this request does not carry.
C016,dependency,set dataSourceId to an existing datasource id (2) instead of 1,"chat2db-server/chat2db-server-web/chat2db-server-web-api/src/main/java/ai/chat2db/server/web/api/aspect/ConnectionInfoHandler.java:72   | probe: {""dataSourceId"":1,...} -> paramDetailError; {""dataSourceId"":2,""refresh"":false} -> {""success"":true}; {""dataSourceId"":2,""databaseName"":""test_db""} -> SQLSyntaxErrorException Unknown database 'test_db' at MysqlDBManage.connectDatabase",probe,yes,"Only the datasource id is load-bearing: with a valid id the call returns success even with databaseName dropped, while a databaseName that is not an existing database fails at connect time - so the fix is one id another endpoint produced, not a parameter value."
C017,neither,"none - the handler is an unimplemented stub that returns null, so the body is always empty","chat2db-server/chat2db-server-web/chat2db-server-web-api/src/main/java/ai/chat2db/server/web/api/controller/redis/RedisKeyManageController.java:38   | also: probe: GET /api/redis/key/list?dataSourceId=1&databaseName=0&searchKey=* -> HTTP 200, 0 bytes; with dataSourceId=2&databaseName=voapi_demo -> HTTP 200, 0 bytes",source,no,"All four methods of RedisKeyManageController `return null;`, so the endpoint answers 200 with an empty body for every input and can never satisfy the judge."
C018,dependency,use an id returned by POST /api/operation/saved/create instead of 3,"chat2db-server/chat2db-server-domain/chat2db-server-domain-core/src/main/java/ai/chat2db/server/domain/core/impl/OperationServiceImpl.java:84   | probe: DELETE /api/operation/saved/3 reproduces the NPE; POST /api/operation/saved/create -> {""success"":true,""data"":6}; DELETE /api/operation/saved/6 -> {""success"":true}",probe,yes,"find(id) calls operationSavedDO.getDataSourceId() on the result of selectById without a null check, so a non-existent saved-operation id surfaces as a system error; only an id produced by the create endpoint fixes it."
C019,dependency,set the query parameter id to an existing datasource id (2) instead of 1,"chat2db-server/chat2db-server-web/chat2db-server-web-api/src/main/java/ai/chat2db/server/web/api/controller/data/source/request/DataSourceAttachRequest.java:24   | probe: GET /api/connection/datasource/connect?id=1 -> paramDetailError; ?id=2 -> {""success"":true,""data"":[sys, information_schema, mysql, performance_schema, ...]}   | also: DataSourceAttachRequest.getDataSourceId() returns id, so the aspect resolves it at ConnectionInfoHandler.java:106 -> :72",probe,yes,"The body's dataSourceId is ignored (GET); the failing value is the query id, which must be an id the datasource list/create endpoints produced."
C020,dependency,use an award_emoji id returned by POST /v3/projects/{id}/issues/{issue_id}/award_emoji (and that issue's global id),lib/api/award_emoji.rb:47,probe,yes,"The body {""message"":""404 Not found""} is the ActiveRecord::RecordNotFound rescue (lib/api/api.rb:22); not_found! would have written '404 ... Not Found' with a capital F, so this is a failed .find, not a permission or routing refusal. awardable.award_emoji.find(award_id) at :47 is the only certain raiser: no POST .../award_emoji ever returned 2xx anywhere in the run log (180 attempts, all 404), so no award row with id=1 existed. Probe on the live instance: POST /v3/projects/10863/issues/982/award_emoji name=smile -> 201 id=1, then GET .../award_emoji/1 -> 200, while award_id=999999 reproduces the exact response body."
C021,dependency,use an award_emoji id returned by POST /v3/projects/{id}/merge_requests/{merge_request_id}/award_emoji (and the merge request's global id),lib/api/award_emoji.rb:47,source,yes,"Same RecordNotFound path as C020; both nested identifiers are producer-supplied — awardable resolves through user_project.merge_requests.find(merge_request_id) at :110 (global id, not iid) and then award_emoji.find(award_id) at :47. Neither value can be written down by the client; project 1 itself was alive in this run (33 x 200 and 43 x 201 on /v3/projects/1/... before the token died)."
C022,dependency,"use an existing award_emoji id for that merge request, from POST .../award_emoji",lib/api/award_emoji.rb:80,probe,yes,"The DELETE handler's first statement is awardable.award_emoji.find(params[:award_id]) at :80, which raised RecordNotFound; the ownership check at :82 (award.user == current_user || admin) is never reached and would have passed anyway for the admin token. Probe: DELETE /v3/projects/10863/issues/982/award_emoji/1 -> 200 once the award existed."
C023,dependency,use a note id from POST .../merge_requests/{id}/notes and an award id from POST .../notes/{note_id}/award_emoji,lib/api/award_emoji.rb:106,source,yes,"Three chained producer ids: merge_request (helpers.rb-style user_project.merge_requests.find at award_emoji.rb:110), then awardable.notes.find(note_id) at :106, then award_emoji.find(award_id) at :47. The response is again the RecordNotFound rescue, so one of those .find calls missed; none of the three values is derivable without the creating calls."
C024,neither,none available to the client - the account behind the token had been blocked earlier in the run,"lib/api/helpers.rb:336 (initial_current_user nils a user failing Gitlab::UserAccess#allowed?) -> lib/gitlab/user_access.rb:66 (user.nil? || user.blocked?) -> lib/api/helpers.rb:204 unauthorized!, entered from lib/api/users.rb:7",source,no,"The payload is fully valid - replayed verbatim against a live 8.17.0 with an unblocked admin token, POST /api/v3/users/1/keys returned 201 - and after the self-block 2484 of 2729 remaining API calls 401'd, all PUT /v3/users/1/unblock retries 401'd and POST /v3/session never once returned 200, so no parameter and no producer output could recover the credential."
C025,parameter,"pass the license key slug (e.g. ""unlicense"") instead of the display name ""The Unlicense""",lib/api/templates.rb:77,probe,yes,"The route is declared with requirements: { name: /[\w\.-]+/ } (templates.rb:77), so a value containing a space never matches it and the request falls through to the catch-all route :any, '*path' at lib/api/api.rb:93-94 — which is why the body is {""error"":""404 Not Found""} (key 'error', capital F) rather than the handler's own not_found!('License'). Probe: GET /api/v3/licenses/unlicense -> 200 (and its payload shows key=unlicense, name=The Unlicense); GET /api/v3/licenses/The%20Unlicense -> 404 with the exact recorded body. Scored parameter under the enum tie-break: the Licensee slug set is static data shipped with the build, not instance state, even though GET /v3/licenses also lists it."
C026,neither,none available through the API — same blocked-account deadlock as C024,lib/api/helpers.rb:336,probe,no,"POST /v3/user/emails (lib/api/users.rb:437) only needs the before-block authenticate!, and the body {""email"":""admin@example.com""} is well formed; the 401 is the same consequence of PUT /v3/users/1/block earlier in the run. helpers.rb:336 nulls @initial_current_user whenever Gitlab::UserAccess#allowed? is false. Probe reproduced it exactly: a blocked user's own token on POST /v3/user/emails -> {""message"":""401 Unauthorized""}, while the same token and body returned 201 before the block."
C027,dependency,"use the global issue id returned by POST /v3/projects/172/issues, not a stale id from another project",lib/api/todos.rb:26,probe,yes,"todos.rb:26 resolves the issuable through find_project_issue, i.e. IssuesFinder scoped to user_project, so issue_id must be an issue's global id inside that project; the response is the RecordNotFound rescue, and the project resolved fine (a later POST /api/v3/projects/172/issues returned 201 with id=35, iid=1). The failing call came earlier and used issue_id=34, an id belonging to the previous project. Probe: POST /v3/projects/10863/issues/982/todo -> 201, while the same issue's iid (1) gives {""message"":""404 Not found""}."
C028,dependency,use a deploy-key id returned by POST /v3/projects/4/keys (one actually enabled on that project),lib/api/v3/deploy_keys.rb:99,probe,no,"Line 98 uses find_by (not find!), so a missing deploy_keys_project yields nil and line 99's key.destroy raises NoMethodError -> 500; the status is a missing nil-guard, but the request succeeds unchanged once key_id names a real enabled key. The project itself resolved, otherwise the before-block authorize_admin_project would have answered '404 Project Not Found'. Probe: DELETE /v3/projects/10863/keys/999999/disable -> 500 with the exact body; POST /v3/projects/10863/keys (real RSA key) -> 201 id=3, then DELETE /v3/projects/10863/keys/3/disable -> 200. Marked not decidable: a bare '500 Internal Server Error' carries no signal that a lookup missed."
C029,dependency,"use the merge request's global id from POST /v3/projects/225/merge_requests (31, not 30)",lib/api/v3/merge_requests.rb:248,probe,yes,"find_merge_request_with_access -> user_project.merge_requests.find(id) (helpers.rb:94) raised RecordNotFound. Project 225 had no merge request at the time of the failing call; the one created later came back as id=31, iid=1 — the run had bound 30, the previous project's merge request id. Probe: POST /v3/projects/10863/merge_request/352/comments with a note body -> 200, while merge_request/1 (the iid) -> {""message"":""404 Not found""}."
C030,dependency,use the merge request's global id from POST /v3/projects/229/merge_requests,lib/api/v3/merge_requests.rb:129,probe,yes,"The deprecated singular route :id/merge_request/:merge_request_id/commits is registered in this build (v3/merge_requests.rb:112,128) — confirmed by probe, GET /v3/projects/10863/merge_request/352/commits -> 200 [] — so the 404 is RecordNotFound from user_project.merge_requests.find, not an unregistered path. Project 229's first merge request was only created after the failing call, which used id 32."
C031,dependency,use the merge request's global id from POST /v3/projects/267/merge_requests,lib/api/v3/merge_requests.rb:138,probe,yes,"Same user_project.merge_requests.find barrier; every GET on project 267's merge requests before it existed returned 404, and the project's own merge request was created later. Probe: GET /v3/projects/10863/merge_requests/352/changes -> 200, /merge_requests/1/changes (iid) -> 404 Not found."
C032,dependency,"use the merge request's global id from POST /v3/projects/299/merge_requests (68, not 67)",lib/api/helpers.rb:94,probe,yes,"todos.rb:8 routes merge_requests through find_merge_request_with_access, so the lookup is user_project.merge_requests.find (helpers.rb:94). Project 299's merge request, created later in the run, is id=68 iid=1 — the run used 67, again the previous project's id. Probe: POST /v3/projects/10863/merge_requests/352/todo -> 201, /merge_requests/1/todo -> 404 Not found. The request has no body, so there is no parameter half."
C033,dependency,use a note_id that exists in project 316 (from POST /v3/projects/316/merge_requests/{id}/notes),lib/api/notes.rb:131,probe,yes,"The DELETE handler ignores noteable_id entirely — it only runs user_project.notes.find(params[:note_id]) at notes.rb:131 — so the single barrier is note_id=43 not being a note of project 316. Probe proves the indifference: DELETE /v3/projects/10863/merge_requests/999999/notes/10 -> 200, where note 10 actually belongs to an issue and the merge-request id is nonexistent."
C034,dependency,bind {id} to a project that exists (from GET/POST /v3/projects) and {note_id} to one of its notes,lib/api/helpers.rb:58,probe,yes,"This is the only case in the set whose body is '404 Project Not Found', i.e. not_found!('Project') from find_project! at helpers.rb:58 rather than the RecordNotFound rescue — the project id is the first barrier. All 80 requests to /v3/projects/1/... in the run log returned 404; project ids in that run are in the 100-400 range. Probe reproduces both halves: DELETE /v3/projects/1/snippets/1/notes/43 -> '404 Project Not Found', the same path on a live project -> '404 Not found'."
C035,dependency,use the global issue id returned by POST /v3/projects/532/issues,lib/api/notes.rb:78,probe,yes,"notes.rb:78 runs user_project.issues.find(noteable_id) before anything else, and the RecordNotFound rescue answered, so issue 54 is not in project 532. The body is innocent: probe sent the recorded body verbatim, body text plus created_at=<timestamp>, against a real issue id and got 201 (created_at is honoured for admins at notes.rb:81), so this is not 'both'. The issue's iid gives the same 404, so only the producer's global id works."
C036,dependency,"use a label id or title that exists in project 541, from POST/GET /v3/projects/541/labels",lib/api/helpers.rb:81,probe,yes,"find_project_label looks the subscribable up by id then by title within LabelsFinder's project scope (helpers.rb:81-82) and calls not_found!('Label'), which matches the recorded '404 Label Not Found' exactly. Probe: POST /v3/projects/10863/labels -> 201 id=616, then POST /v3/projects/10863/labels/616/subscription -> 200, while .../labels/19/subscription -> '404 Label Not Found'. Label titles are instance state that must be read back, so this falls on the dependency side of the whitelist tie-break."
C037,dependency,use a milestone id from POST/GET /v3/projects/576/milestones,lib/api/milestones.rb:91,probe,yes,"user_project.milestones.find(milestone_id) at milestones.rb:91 raised RecordNotFound. The body was fully valid: probe replayed the recorded title/description/start_date/due_date against a freshly created milestone (global id 396, iid 1) and got 200, while id 999999 with the same body gives {""message"":""404 Not found""} — so the dates and at_least_one_of were never the issue and this is not 'both'."
C038,dependency,create the variable first (POST /v3/projects/639/variables) or use a key listed by GET /v3/projects/639/variables,lib/api/variables.rb:83,probe,yes,"variables.rb:83-85 does find_by(key:) then not_found!('Variable'), matching the recorded '404 Variable Not Found'. The key is client-chosen, but no value of it succeeds against a project with no variables: GET /api/v3/projects/639/variables returned [] during the run and the project's only variable (key=test19) was created afterwards at :2249960 — 'test36' was in fact that variable's value. Probe: DELETE /v3/projects/10863/variables/test36 -> 404 before POST and 200 after. Dependency under the tie-break: the legal keys are instance state that has to be read back or created."
C039,dependency,"an id of an existing notification thread, which only exists after another call creates one (e.g. assigning an issue) and is read back from GET /notifications","routers/api/v1/notify/threads.go:101 (404 from models.GetNotificationByID -> models/error.go:26); probe: PATCH /api/v1/repos/root/audit-probe-c0251/issues/1 {""assignees"":[""root""]} -> 201, then GET /api/v1/notifications -> [{""id"":2,...}] and GET /api/v1/notifications/threads/2 -> 200",probe,yes,"The 404 is a primary-key miss on an empty notification table (GET /notifications returned [] every time it was called during the run), not a validation error: the value 1 was already correct and the identical request returns 200 when replayed, and one ordinary API call creates a thread whose id GET /notifications then publishes."
C040,dependency,"a real repo name instead of the repo id 1069, plus a branch-protection name that GET/POST /branch_protections produced",routers/api/v1/api.go:164,probe,yes,"The wire URL was /repos/root/1069/branch_protections/voapi-fixture: 1069 is voapi-fixture's repo *id* pushed into the {repo} name slot, so repoAssignment 404s at api.go:164 before GetBranchProtection (branch.go:322) ever runs. Probe: GET /repos/root/voapi-fixture/branch_protections returned [] and .../branch_protections/master 404ed until POSTing {""branch_name"":""master""}, after which the GET returned 200 (then deleted). Both wrong values are instance identifiers, so one dependency label covers the fix."
C041,neither,none -- 1.15.7 has no /git/commits/{sha}.{diffType} route,routers/api/v1/api.go:949,probe,no,"api.go:949 registers only m.Get(""/{sha}"", repo.GetSingleCommit); repoDownloadCommitDiffOrPatch does not exist anywhere in the 1.15.7 tree, and the live /swagger.v1.json has no such path -- the endpoint came from data/GiteaExample/spec.json:3610, which was taken from a newer Gitea. Because the path template inserts a literal '.', every value pair yields a one-segment sha ending in '.diff': probed GET /repos/root/voapi-fixture/git/commits/e69ba0a....diff -> 404 while the same sha without the suffix -> 200. No parameter or dependency value can repair it."
C042,dependency,"a real repo name instead of the repo id 1069, plus a milestone id or title from GET /repos/{owner}/{repo}/milestones",routers/api/v1/repo/milestone.go:281,probe,yes,"Wire URL /repos/root/1069/milestones/1 -- again the repo id in the {repo} name slot, so the 404 is repoAssignment's (api.go:164). getMilestoneByIDOrName accepts either a numeric id or a title and 404s at milestone.go:281 otherwise; the run log shows GET .../voapi-fixture/milestones returned [] four seconds earlier, so no id would have worked without POSTing a milestone first. Probe: milestones/14 and milestones/test39 both 200, milestones/1 404."
C043,dependency,"a real repo name instead of the repo id 1106, plus a pull-request index that POST/GET /pulls produced",routers/api/v1/api.go:915,probe,yes,"Wire URL /repos/root/1106/pulls/1/merge; 1106 is repo_81aaa54bd782's id, so repoAssignment 404s at api.go:164. The body was already valid -- MergePullRequestForm has no json tag on Do, so ""Do"": ""merge"" matches the In(merge,rebase,...) binding at services/forms/repo_form.go:555. Probe: on a throwaway repo, created a branch, a PR (index 1) and POSTed exactly this body to .../pulls/1/merge -> 200, then deleted the repo. GET /repos/issues/search?type=pulls&state=all returns 0, so no PR existed anywhere during the run."
C044,dependency,a pull-request index that exists (and a reviewer other than the PR author),routers/api/v1/repo/pull_review.go:642,probe,yes,"The repo resolved (base_repo_id 1069 = voapi-fixture) and apiReviewRequest 404ed at pull_review.go:642 because index 1 is not a PR; the instance has no pull requests at all. Probe on a throwaway root-owned PR: the same body {""reviewers"":[""root""]} then returned 422 'doer can't be reviewer' (services/issue/assignee.go:142), so with only the root token a second instance-derived value -- a non-author reviewer from GET /repos/{owner}/{repo}/reviewers -- is also needed. Both halves are endpoint-supplied identifiers, so this is dependency rather than both."
C045,dependency,name an existing template repository instead of the invented 'template-repo',routers/api/v1/repo/repo.go:347,probe,yes,"root/template-repo does not exist, so repoAssignment 404s (api.go:164); had it existed but not been a template, repo.go:347 would answer 422 'this is not a template repo'. Paging GET /repos/search found 212 repositories with template=true, 100+ of them root-owned. Probe: POST /repos/root/0QipY/generate with this exact body created repo id 1122 (201), which was then deleted. Only the template_repo path value was wrong, and it is only obtainable from a repo listing."
C046,neither,"none within the request model -- the route accepts only HTTP Basic auth, and the password is not an endpoint output",routers/api/v1/api.go:219,probe,yes,"The /users/{username}/tokens group is wrapped in reqBasicAuth() (api.go:739), which rejects token auth at api.go:219 with exactly 'basic auth required'. Probe: the same POST with -u <admin>:<password> from the deployment config returned 201 (probe token deleted afterwards). The credential is an out-of-band secret -- not a generated parameter and not produced by any endpoint (bootstrapping a token needs a token), so no repair branch applies."
C047,dependency,"a real repo name instead of the repo id 1069, plus a webhook id from GET /repos/{owner}/{repo}/hooks",routers/api/v1/api.go:747,probe,yes,"Wire URL /repos/root/1069/hooks/6, so the 404 is repoAssignment's (api.go:164) rather than the hook lookup. Probe: PATCH /repos/root/voapi-fixture/hooks/5 with this exact body returned 200 (the original config url was restored afterwards) while /hooks/6 returned 404 -- GET /hooks lists only id 5. reqWebhooksEnabled() is satisfied on this instance, so nothing but the two identifiers is wrong."
C048,neither,none -- the instance has no unadopted repository directories and no endpoint can create one,routers/api/v1/admin/adopt.go:167,probe,no,"DeleteUnadoptedRepository 404s at adopt.go:167 unless the pair names an on-disk bare repo with no DB row (has==false && isDir==true). GET /admin/unadopted returned [] during the run and still returns [] for ?page=1&limit=100 and ?query=root/*, so the producer publishes nothing; its X-Total-Count of 1092 is the dirs-skipped counter at modules/repository/adopt.go:251, not a count of unadopted repos. DELETE /repos/{owner}/{repo} removes the directory too, so no API sequence can manufacture the state -- it needs filesystem access."
C049,dependency,a branch name that GET /branches lists and that is not the default branch,routers/api/v1/repo/branch.go:129,probe,yes,"patch-1 does not exist on voapi-fixture: the run's GET .../voapi-fixture/branches reported X-Total-Count 1 (master only). DeleteBranch only maps git.IsErrBranchNotExist to 404, so the raw git ErrNotExist falls into the default arm and becomes a 500 (branch.go:129) -- a status-mapping bug, but the request itself is repairable. Probe on a throwaway repo: DELETE /branches/patch-9 -> 500 with the identical body, /branches/master -> 403 'can not delete default branch', /branches/patch-1 -> 204. So a non-default branch has to be created by POST /branches and read back."
C050,neither,"none -- git hooks are disabled on this instance, so /hooks/git/* always 403s",routers/api/v1/api.go:388,probe,no,"Wire URL /repos/root/1069/hooks/git/post-receive, so the 404 came from repoAssignment on the repo id. With the correct repo name the guard reqGitHook() at api.go:741 rejects it: CanEditGitHook (models/user.go:282) is gated on !setting.DisableGitHooks, and DISABLE_GIT_HOOKS defaults to true (modules/setting/setting.go:837) with no override in the container's app.ini. Probe: GET /repos/root/voapi-fixture/hooks/git -> 403 'must be allowed to edit Git hooks'. The hook id itself is a closed set (pre-receive/update/post-receive), so the response invites a parameter or dependency repair that cannot work."
C051,dependency,"switch post_permalink_type to DAY via POST /api/admin/options/saving, then use an existing post's year/month/day/slug",src/main/java/run/halo/app/controller/content/ContentContentController.java:248,source,yes,"The 4-segment handler first tests postPermalinkType == DAY and otherwise throws buildPathNotFoundException (:253), so no date/slug value can pass while the option is DEFAULT (PermalinkProperties.java:17-18; GET /api/admin/options/map_view on the live instance still reports post_permalink_type=DEFAULT and every post's fullPath is /archives/{slug}). After the option is flipped, postService.getBy(year, month, day, slug) (PostServiceImpl.java:258) still needs a real post's create date and slug, so both halves of the fix come from other endpoints."
C052,dependency,"a sheet-comment id, e.g. one returned by POST or GET /api/admin/sheets/comments",src/main/java/run/halo/app/service/impl/BaseCommentServiceImpl.java:425,probe,yes,"removeByIds -> removeById looks the id up in the SheetComment repository and throws 查询不到该评论的信息 with errorData 1. Probed: comment id 1 does exist but as a POST comment (the default 'Halo' comment, @DiscriminatorValue separates the types), so DELETE with body [1] reproduces the 404; creating a sheet comment on sheet 2 returned id=3 and DELETE with body [3] returned 200."
C053,parameter,a uri that names an existing public theme repository,src/main/java/run/halo/app/theme/GitThemeFetcher.java:47,probe,no,"The container does have egress (github.com resolves), but github.com/halo-dev/halo-theme-higan does not exist, so JGit's clone asks for credentials and the resulting RuntimeException 主题拉取失败！ leaves the handler as a bare 500 (GitThemeFetcher is the composite's fallback fetcher, ThemeFetcherComposite.java:25,54). Probed: uri=https://github.com/halo-dev/halo-theme-hshan.git returned 200 and installed the theme (deleted again afterwards), so a different uri value alone fixes the call; halo-theme-journal.git and -pinghsu.git clone fine but then NPE in ThemeRepositoryImpl.attemptToAdd because their theme.yaml carries no id."
C054,neither,none -- wait out the 5 s @CacheLock window,src/main/java/run/halo/app/cache/lock/CacheLockInterceptor.java:67,source,yes,"authPreCheck carries @CacheLock(autoDelete = false, prefix = ""login_precheck"") (AdminController.java:60) and the key the response echoes, cache_lock_login_precheck, is built from the prefix alone -- no @CacheParam argument and no traceRequest -- so no field in the body changes the key. Past the lock the call would still need the blogger's real username and password (AdminServiceImpl.java:95), which no endpoint publishes."
C055,neither,none -- the lock plus a reset code that only arrives by e-mail,src/main/java/run/halo/app/controller/admin/api/AdminController.java:90,source,yes,"resetPassword is annotated @CacheLock(autoDelete = false) with no prefix, which is why the echoed key is the whole method signature; the lock key again ignores every argument (CacheLockInterceptor.java:90-98). Even past it, resetPasswordByCode (AdminServiceImpl.java:218-236) needs the blogger's real e-mail and the six-digit code cached by sendResetCode, which is delivered by mail and the stack has no mail server."
C056,parameter,"send `file` as a multipart/form-data part whose filename ends in .md, instead of a JSON body field","probe: curl -H 'ADMIN-Authorization: ...' -F 'file=@probe_audit.md;type=text/markdown' POST http://localhost/api/admin/backups/markdown/import -> 200 {""id"":60,""title"":""voapi-audit-probe"",...}; control with -H 'Content-Type: application/json' -d '{""file"":""abc""}' -> 500; handler src/main/java/run/halo/app/controller/admin/api/BackupController.java:150",probe,yes,"Status 599 is client-side: the generated payload put a (filename, BytesIO, mime) tuple into the JSON body channel so the request never left the harness, and the one change that makes the same file succeed is routing it to the multipart `files` channel -- a value/encoding the client produces alone, nothing from another endpoint."
C057,dependency,a filename listed by GET /api/admin/backups/data (produced by POST /api/admin/backups/data),src/main/java/run/halo/app/service/impl/BackupServiceImpl.java:486,probe,yes,"deleteExportedData resolves the name under the data-export dir and reports NoSuchFileException as 'The file ... was not found'. Export names are server-generated timestamps, never a client-invented backup.zip: probed POST /api/admin/backups/data -> halo-data-export-<timestamp>.json, and DELETE with that filename returned 200."
C058,both,"POST /api/admin/options/saving to set api_enabled=true and an api_access_key, AND carry that key in the API-Authorization header or api_access_key query parameter",src/main/java/run/halo/app/security/filter/ApiAuthenticationFilter.java:79,source,no,"api_enabled defaults to false (ApiProperties.java:14), so the filter rejects every /api/content/** call before the handler; enabling it is another endpoint's job (OptionController.java:51) and the filter then demands the access key from the API-Authorization header or the api_access_key query parameter (HaloConst.java:134,150), which this request does not carry. The response mentions only the disabled flag, so the second half of the fix is invisible from it."
C059,parameter,"send `file` as a multipart part and leave basePath empty (or give it relative to the static dir, e.g. /VoAPITestString)","probe: multipart file + no basePath -> 200; multipart file + basePath=/root/.halo/static/VoAPITestString -> 500 {""message"":""上传文件失败"",""data"":""file:///root/.halo/static/root/.halo/static/VoAPITestString/probeB1.txt""}; multipart file + basePath=/VoAPITestString -> 200; JSON body (the run's request) -> 500; join site src/main/java/run/halo/app/service/impl/StaticStorageServiceImpl.java:170",probe,yes,"Two parameters are wrong at once but both halves are client-producible: the file must be a multipart part (@RequestPart, StaticStorageController.java:57) and basePath is joined onto staticDir, so the run's absolute path resolved to a non-existent nested directory -- omitting basePath entirely reaches 200, so no producer endpoint is needed."
C060,neither,none through the API -- restore a parseable theme.yaml so the installed theme has an id again,"src/main/java/run/halo/app/repository/ThemeRepositoryImpl.java:103 (filter on Objects.equals(themeId, property.getId())); reproduced by probe: writing 'VoAPITestString: VoAPITestString' over /root/.halo/templates/themes/caicai_anatole/theme.yaml made GET /api/admin/themes return [{""id"":null,...,""activated"":false}] and GET /api/admin/themes/caicai_anatole/groups/general/settings return the run's exact 404 ""caicai_anatole 主题不存在或已删除！""; restoring the file returned both to 200",probe,no,"Earlier PUT /api/admin/themes/files/content traffic had clobbered theme.yaml, so from then on the only installed theme carried id=null -- no themeId string can equal null, GET /api/admin/themes publishes nothing usable, and both producers that could install a theme (POST /themes/upload, POST /themes/fetching) 500 in this sandbox, so neither a parameter value nor another endpoint's output can fix it; the 404 text reads exactly like a stale id, which is why the evidence misleads."
C061,neither,"none - the deployment has no playable media, so no itemId/mediaSourceId pair can produce a playlist",Jellyfin.Api/Controllers/DynamicHlsController.cs:351,probe,no,"The 400 is ASP.NET model validation on [FromQuery, Required] string mediaSourceId (GET of the same URL returns {""mediaSourceId"":[""The mediaSourceId field is required.""]}); HEAD suppresses the body, so the classifier saw only the status. Supplying mediaSourceId=itemId then 500s in StreamingHelpers.GetStreamingState (StreamingHelpers.cs:137, item.MediaType on a null item), and the library holds no Audio/Video items at all - /media is an empty volume, the only library is the fuzzer's Collections folder, and the deployment script never seeds media - so every item id in the instance 500s here too (probed with the playlist and boxset ids)."
C062,neither,none - segmentId must name a file in /config/transcodes that only a live transcode of real media creates,Jellyfin.Api/Controllers/HlsSegmentController.cs:74,probe,no,"The legacy handler ignores itemId entirely (CA1801 suppression) and builds file = segmentId + "".mp3"" under the transcode path; GetStaticFileResult then throws FileNotFoundException, which ExceptionMiddleware maps to 404 with the generic body (ExceptionMiddleware.cs:132). Live log confirms: ""Could not find file '/config/transcodes/0.mp3'"". /config/transcodes is empty and nothing can fill it without a transcode of a real media item, which this deployment has none of."
C063,dependency,add userId=<guid from GET /Users>,Jellyfin.Api/Controllers/ItemsController.cs:257,probe,no,"userId is optional in the spec, but with it absent line 228-230 leaves user == null and line 257 dereferences it (user!.GetPreferenceValues) -> NullReferenceException -> 500 (stack trace in the container log names ItemsController.GetItems). Probe: the identical query returns 500; adding userId=378b4e0e8fdf42a98fdcc1a51a7fed68 returns 200. The guid can only come from GET /Users or GET /Users/Me."
C064,neither,"none - a real ListingProvider id gets past the lookup, but every provider's XMLTV path is unreachable and no endpoint can supply a readable one",Emby.Server.Implementations/LiveTv/LiveTvManager.cs:2338,probe,no,"ProviderId ""xmltv_provider"" misses config.ListingProviders.First(...) -> InvalidOperationException -> 500. Probed with a real provider id (bb8609c0e9204b5288e3c978b3019b62 from GET /System/Configuration/livetv): still 500, now HttpRequestException ""Connection refused (localhost:80)"" from GetChannelsForListingsProvider fetching the provider's Path http://localhost/epg.xml. So the providerId is a real dependency sub-barrier, but fixing it does not yield a 2xx: there is no reachable XMLTV source in the sandbox and no endpoint can create one."
C065,neither,"none - streamId is a live-stream UniqueId and no tuner host is configured, so none can exist",Jellyfin.Api/Controllers/LiveTvController.cs:1211,probe,no,"GetDirectStreamProviderByUniqueId returns null and the handler returns NotFound() - which is why the body is the framework ProblemDetails rather than ""Error processing request."". The id is minted by SharedHttpStream/HdHomerunUdpStream while a live stream is open; GET /LiveTv/Info reports Tuners: [], GET /LiveTv/Channels is empty and TunerHosts: [] in the live-tv config, so no live stream can be opened on this deployment."
C066,dependency,join a SyncPlay group first (POST /SyncPlay/New or POST /SyncPlay/Join),Jellyfin.Api/Auth/SyncPlayAccessPolicy/SyncPlayAccessHandler.cs:88,probe,no,"The 403 comes from the SyncPlayIsInGroup authorization policy, which requires _syncPlayManager.IsUserActive(userId); no parameter exists on this endpoint to change. Probe: POST /SyncPlay/Leave -> 403; POST /SyncPlay/New {""GroupName"":""probe""} -> 204; POST /SyncPlay/Leave -> 204; a second Leave -> 403 again."
C067,neither,none - no item in the library has a playable media source,Jellyfin.Api/Helpers/MediaInfoHelper.cs:94,probe,no,"GetPlaybackInfo's GetItemById returns null for the fabricated itemId and MediaSourceManager.GetStaticMediaSources throws ArgumentNullException(""item""), which ExceptionMiddleware maps to 400 (ExceptionMiddleware.cs:127) with the generic body - so the 400 is not a validation error at all. Reproduced exactly; retried with every real item id in the library (playlist, boxset, collections folder) and all 500, because the deployment has no audio/video items."
C068,neither,none - the library holds no video items,Jellyfin.Api/Helpers/StreamingHelpers.cs:137,probe,no,"Reproduced: NullReferenceException at StreamingHelpers.GetStreamingState, where line 135 GetItemById returns null and line 137 reads item.MediaType (stack trace in the container log). Retried with the real playlist and boxset ids: still 500 (empty media source list). No API can add media files to this deployment."
C069,parameter,"add ServiceName=""Emby"" and a non-empty ExternalId to the body",Emby.Server.Implementations/LiveTv/LiveTvDtoService.cs:518,probe,no,"With ExternalId absent, line 516-520 looks the timer up by dto.Id, gets null, and dereferences timer.ExternalId -> NullReferenceException -> 500. Probed on the live instance: the body as sent -> 500; adding only ExternalId -> 500 (KeyNotFoundException from GetService(null)); adding only ServiceName -> 500; adding both ServiceName=""Emby"" and ExternalId -> 204, even for a timerId that does not exist. Both are client-producible (""Emby"" is the built-in service name), so no other endpoint is needed."
C070,both,add the required query parameter text AND use a sessionId from GET /Sessions,Jellyfin.Api/Controllers/SessionController.cs:314,probe,no,"text is [FromQuery, Required] so the body-less request fails validation; but the sessionId is the all-zero placeholder. Probe: bogus session + text=hi -> 404 (ResourceNotFoundException at SessionManager.cs:1041); real session without text -> 400; real session + text=hi -> 204. Neither half alone reaches 2xx. The response names only the text half, so the evidence pointed at one branch of a two-branch fix."
C071,dependency,use a sessionId returned by GET /Sessions,Emby.Server.Implementations/Session/SessionManager.cs:1041,probe,yes,"GetSessionToRemoteControl throws ResourceNotFoundException(""Session ... not found"") for the all-zero id; ExceptionMiddleware maps it to 404 with the generic body. Probe: same request with the live session id 93248f96d2ab5180a2fff3d6f67af759 -> 204. The command enum value ""Back"" was already valid."
C072,parameter,send Policy.AccessSchedules as a JSON array instead of an object,Jellyfin.Api/Controllers/UserController.cs:370,probe,yes,"The body deserialization fails on $.Policy.AccessSchedules (object where AccessSchedule[] is expected), so [FromBody, Required] UserDto binds null and both errors in the response are the same fault. Probe: the same UserDto with AccessSchedules as an object -> identical 400; with [] -> 204, even with the 2000-character random Name (RenameUser accepts it). The userId was live in that run - see C080, where a nonexistent userId would have produced 404 ""User not found"" rather than 401."
C073,parameter,use a Name that passes the username regex and is not already taken,Jellyfin.Server.Implementations/Users/UserManager.cs:206,probe,yes,"400 plus the generic body means an ArgumentException (ExceptionMiddleware.cs:127); CreateUserByName has exactly two such paths, ThrowIfInvalidUsername (UserManager.cs:738) and the duplicate-name check at line 206. Probed both against the live instance: a duplicate name and a name with illegal characters each return exactly '400 / Error processing request.'. Replaying the visible 1176-character prefix of the run's Name succeeded (200), so the run's longer/duplicate value is the only thing that needs to change."
C074,both,use a real playlistId from GET /Items?includeItemTypes=Playlist AND a newIndex that matches the entry's index (-1 for an absent entry),Emby.Server.Implementations/Playlists/PlaylistManager.cs:296,probe,no,"The fabricated playlistId fails the Playlist cast and throws ArgumentException(""No Playlist exists with the supplied Id"") -> 400. Probe: real playlistId + the same entry id + newIndex=0 -> 500, because FindIndex returns -1 and line 308 indexes LinkedChildren[-1]. Every playlist in the instance is empty and cannot be filled (AddToPlaylistInternal filters by media type and SupportsAddingToPlaylist, and there is no media), so the only 2xx is the early return at line 303-306: real playlistId + newIndex=-1 -> 204. A dependency value and a parameter value are both required."
C075,neither,none - the handler is marked [Obsolete] and returns NotFound() unconditionally,Jellyfin.Api/Controllers/LiveTvController.cs:935,source,no,"GetRecordingGroup ignores groupId and its whole body is 'return NotFound();'. The response is the framework ProblemDetails 404, indistinguishable from a missing-resource 404, so the evidence actively invites a dependency verdict for an endpoint that can never return 2xx."
C076,both,use a valid ImageType member (Primary) AND upload an image for the studio item first via POST /Items/{studioItemId}/Images/{imageType},Jellyfin.Api/Controllers/ImageController.cs:1313,probe,no,"""Studio"" is not a member of ImageType (MediaBrowser.Model/Entities/ImageType.cs:11-71), so route-value binding fails -> 400. GetStudio auto-creates the studio item, so the name needs nothing; but with imageType=Primary the live instance answers 404 ""VoAPITestString26 does not have an image of type Primary"". Probe: GET /Studios/VoAPITestString26 -> item id 3a4df3cb5d73579af875d6f57cd148bc; POST /Items/<that id>/Images/Primary with a base64 PNG -> 204; then GET /Studios/VoAPITestString26/Images/Primary -> 200. The response names only the enum half."
C077,dependency,use an itemId returned by GET /Items (the request reused the userId as the itemId),Jellyfin.Api/Controllers/UserLibraryController.cs:361,probe,yes,"MarkFavorite calls GetItemById(itemId), gets null for a user guid, and GetUserData(user, null) dereferences it -> NullReferenceException -> 500. Probe: real userId + the same (user) itemId -> 500; real userId + a real item id 0769ef800fa790bb6bffe78332d80fab -> 200. Both values are ids another endpoint has to produce, so this is a single dependency class, not both."
C078,parameter,send the image as a base64 string body with an image/* Content-Type instead of an empty JSON object,Jellyfin.Api/Controllers/ImageController.cs:1620,probe,yes,"GetMemoryStream base64-decodes the whole request body; the runner sent Content-Type: application/json with '{}', so Convert.FromBase64String throws FormatException -> 500 (confirmed in the container log, which names GetMemoryStream before the user is ever dereferenced). Probe: same request with Content-Type: image/png and a base64-encoded PNG -> 204. The userId was live in that run (see C080)."
C079,parameter,send AccessSchedules as a JSON array and keep AuthenticationProviderId/PasswordResetProviderId non-null,Jellyfin.Api/Controllers/UserController.cs:405,probe,yes,"AccessSchedules was sent as an object where AccessSchedule[] is expected, so [FromBody, Required] UserPolicy binds null and both response errors are that one fault. Probe on the live instance: object -> same 400; array but with the provider ids left null (as GET /Users returns them) -> 500 'NOT NULL constraint failed: Users.AuthenticationProviderId'; array plus the two provider class names -> 204. Those names are compile-time constants, not instance state, so the whole fix is client-side. Note IsAdministrator:false additionally 403s on a single-admin instance, which is also a parameter."
C080,dependency,set that user's password first via POST /Users/{userId}/Password,Jellyfin.Api/Controllers/UserController.cs:167,probe,no,"401 plus the generic body means AuthenticationException (ExceptionMiddleware.cs:128), i.e. the user exists and the password is wrong - a missing user returns 404 ""User not found"" at line 167 (probed: a bogus guid gives 404, so the run's 92be43d2... user was live). password123 is not derivable from any response; the only API route to a 2xx is to set it. Probe: a new user with no password, Authenticate?pw=password123 -> 401; POST /Users/{id}/Password {""NewPw"":""password123""} -> 204; Authenticate?pw=password123 -> 200."
C081,dependency,upload a profile image first via POST /Users/{userId}/Images/{imageType},Jellyfin.Api/Controllers/ImageController.cs:240,probe,no,"DeleteUserImageByIndex reads user.ProfileImage.Path with no null check, so a user who has never had a profile image gives NullReferenceException -> 500 regardless of the parameters (container log names DeleteUserImageByIndex). Probe: the live admin user, who has no profile image, also 500s; after POST /Users/{id}/Images/Primary/0 with a base64 PNG, the identical DELETE returns 204. imageType and index are both unused by the handler."
C082,dependency,upload a profile image first via POST /Users/{userId}/Images/{imageType},Jellyfin.Api/Controllers/ImageController.cs:201,probe,no,"Same defect as C081 in the index-less overload: System.IO.File.Delete(user.ProfileImage.Path) with ProfileImage null -> NullReferenceException -> 500 (the try/catch only catches IOException). Probed with the live admin user: 500 before an upload, 204 after."
C083,dependency,use a real userId from GET /Users - the request passed the Playlists folder's item id,Jellyfin.Api/Controllers/ItemsController.cs:789,probe,no,"GetResumeItems does user.GetPreferenceValues at line 789 with no null check -> NullReferenceException -> 500. The userId sent, 1071671e7bffa0532e930debee501d2e, is the PlaylistsFolder item id, and Jellyfin derives it deterministically from the path: it is the same guid on three independent instances of this harness (:8096, :8097, :8099). So a BaseItem Id harvested from GET /Items was bound into the userId slot - a producer/consumer modelling defect on our side. Probe: that id -> 500; the real admin guid with the same parentId -> 200."
C084,parameter,name the query parameter `name` (or `labels.<key>`) instead of `queryMap`,"probe: GET http://localhost/api/services/search?queryMap=%7B%22name%22%3A%20%22affect%22%7D -> 500 {""status"":500,""error"":""Internal Server Error"",""path"":""/api/services/search""}; GET .../search?name=affect -> 200 []; handler webapp/src/main/java/io/github/microcks/web/ServiceController.java:92 with the null-name path at :106",probe,no,"@RequestParam Map<String,String> queryMap is a catch-all binder, so sending a literal `queryMap` key leaves name null and labels empty and findByNameLike(null) 500s; the bare Spring error body carries none of that, and the payload's `queryMap` name is exactly what the extractor declared, so nothing in the evidence points at the fix."
C085,dependency,call GET /file/getVerify first and send the 4-digit code it drew as velCode,"PROBE: GET http://localhost/file/getVerify (image/jpeg, code 0537 landed in redis key randomValidateCodeKey:<client-ip>); POST /user/register with the identical username/password and velCode=0537 -> {""code"":200,""msg"":""SUCCESS"",...,""ok"":true}, while velCode=wWeV -> {""code"":1002,""msg"":""验证码错误！""}",probe,yes,"velCode was the only wrong field; the legal value is instance state that only GET /file/getVerify creates (novel-front/.../controller/FileController.java:56) and it is published as a JPEG, so the producer's output is not machine-readable."
C086,dependency,an id that actually exists in `user` instead of 1,"PROBE: POST /novel/user/remove id=1 -> {""msg"":""操作失败"",""code"":1}; same call with id=2106063112852013056 (a user registered through the front API) -> {""msg"":""操作成功"",""code"":0}",probe,no,"remove() returns R.error() only because the delete matched no row (novel-admin/src/main/java/com/java2nb/novel/controller/UserController.java:120); user ids are snowflake values published by GET /novel/user/list, never 1."
C087,neither,"none — the permission string `novel:bookContent:batchRemove` exists in no sys_menu row, so no role in this deployment can hold it","PROBE: POST /novel/bookContent/batchRemove with the body re-sent as form fields (ids[]=999999991&ids[]=999999992) -> <title>403 页面</title>; control POST /novel/friendLink/batchRemove ids[]=999999991 (permission seeded) -> {""msg"":""操作成功"",""code"":0}",probe,no,"The HTML 500 the classifier saw is only the @RequestParam(""ids[]"") binding failing on a JSON body (novel-admin/src/main/java/com/java2nb/novel/controller/BookContentController.java:130); fixing that encoding reveals the real ceiling, a 403 from the missing permission, so the response points at a parameter fix that does not help."
C088,dependency,an id that exists in `friend_link` instead of 662,"PROBE: POST /novel/friendLink/remove id=662 -> {""msg"":""操作失败"",""code"":1}; created one via POST /novel/friendLink/save (got id=10) and POST /novel/friendLink/remove id=10 -> {""msg"":""操作成功"",""code"":0}",probe,no,friend_link holds ids 5-9; 662 matches nothing and remove() reports R.error() on a zero-row delete (novel-admin/src/main/java/com/java2nb/novel/controller/FriendLinkController.java:120).
C089,neither,"none — `novel:book:batchRemove` exists in no sys_menu row, so no account can be granted it",PROBE: POST /novel/book/batchRemove?ids[]=999999991 -> <title>403 页面</title>; same as a form body -> <title>403 页面</title>; SELECT perms FROM sys_menu WHERE perms LIKE 'novel:book:%' returns only book/remove/add/detail/edit,probe,yes,Shiro raises AuthorizationException at novel-admin/src/main/java/com/java2nb/novel/controller/BookController.java:129 and the advice renders error/403; the 403 body states the mechanism plainly.
C090,neither,"none — the generator's metadata query `... from tables` cannot be routed in this deployment, for any tableName","PROBE: POST /common/generator/genCode tableName=sys_user -> <title>500错误</title>; container log: TableNotFoundException: Table or view 'tables' does not exist (ShardingSphere), raised from novel-admin/src/main/java/com/java2nb/common/dao/GeneratorMapper.java:20",probe,no,"Every GeneratorMapper statement selects from an unqualified `tables`/`columns` (information_schema) and ShardingSphere refuses to route it; even if it resolved, GenUtils writes to srcPath=D:\gitee\admin-base\java2nb\src from generator.properties, which does not exist on Linux."
C091,neither,none — a well-formed body gets past the empty-VALUES insert only to hit the same unroutable `from tables` query,"PROBE: exact replay -> <title>500错误</title> with DialectSQLParsingException on `insert into sys_gen_columns (...) values` (empty list after list.remove(0), novel-admin/src/main/java/com/java2nb/common/service/impl/GeneratorServiceImpl.java:107); the same call with two column objects -> <title>500错误</title> with TableNotFoundException: Table or view 'tables' does not exist (GeneratorServiceImpl.java:110)",probe,no,"Two independent server defects in sequence; no body makes this endpoint return 200, and @Transactional rolls the delete back so sys_gen_columns stayed at 73 rows."
C092,parameter,send avatar_file as a real multipart image part and give avatar_data five comma-separated fields including `rotate`,"PROBE: multipart avatar_file=<32x32 png> + avatar_data={""x"":0,""y"":0,""height"":32,""width"":32,""rotate"":0} -> {""msg"":""操作成功"",""code"":0,""url"":""/files/fd3883b6-....png""}; same file with the case's 4-field avatar_data -> {""msg"":""更新图像失败！"",""code"":500}; the case's string-valued avatar_file -> 'Current request is not a multipart request'",probe,yes,"Both halves of the fix are client-producible: the file part, and the fifth field read at novel-admin/src/main/java/com/java2nb/system/service/impl/SysUserServiceImpl.java:229 (str[4] -> rotate). State restored: sys_user.pic_id put back to 148 and the sys_file row/file deleted."
C093,dependency,an id that GET /novel/bookContent/list publishes instead of 1,"PROBE: GET /novel/bookContent/edit/1 -> {""msg"":""服务器错误"",""code"":500}; GET /novel/bookContent/edit/406 (an id from GET /novel/bookContent/list) -> the edit page, HTTP 200 text/html",probe,no,"bookContentService.get(1) is null and Thymeleaf fails on `bookContent.id` (novel-admin/src/main/java/com/java2nb/novel/controller/BookContentController.java:68); the render exception escapes the advice so the body is MainsiteErrorController's fixed ""服务器错误"" and carries no mechanism."
C094,dependency,an id that exists in order_pay (GET /novel/pay/list publishes 15) instead of 2013,"PROBE: GET /novel/pay/detail/2013 -> {""msg"":""服务器错误"",""code"":500}; GET /novel/pay/detail/15 -> the detail page, HTTP 200 text/html",probe,no,"PayMapper.get selects from order_pay, which holds exactly one row (id=15); the null model breaks the template at novel-admin/src/main/java/com/java2nb/novel/controller/PayController.java:77."
C095,dependency,an id that GET /novel/bookIndex/list publishes instead of 1,"PROBE: GET /novel/bookIndex/edit/1 -> {""msg"":""服务器错误"",""code"":500}; GET /novel/bookIndex/edit/2105783115608293376 -> the edit page, HTTP 200 text/html",probe,no,"book_index ids are snowflake values, so no small integer can ever hit a row; template evaluation of `bookIndex.id` fails on the null model (novel-admin/src/main/java/com/java2nb/novel/controller/BookIndexController.java:68)."
C096,dependency,an id that exists in news_category (3-10) instead of 1,"PROBE: GET /novel/category/edit/1 -> {""msg"":""服务器错误"",""code"":500} (log: SpelEvaluationException on ""category.id"", null model); GET /novel/category/edit/3 -> the edit page, HTTP 200 text/html",probe,no,"/novel/category is backed by news_category, not book_category (novel-admin/src/main/resources/mybatis/novel/CategoryMapper.xml:7), so id=1 exists in the obvious table and still misses; the right id has to be read from GET /novel/category/list."
C097,dependency,an id that exists in news (2-4) instead of 1,"PROBE: GET /novel/news/detail/1 -> {""msg"":""服务器错误"",""code"":500}; GET /novel/news/detail/2 -> the detail page, HTTP 200 text/html",probe,no,"news holds ids 2,3,4; the null model breaks the template at novel-admin/src/main/java/com/java2nb/novel/controller/NewsController.java:75."
C098,dependency,an id that exists in author_code (6-8) instead of 74,"PROBE: GET /novel/authorCode/detail/74 -> {""msg"":""服务器错误"",""code"":500}; GET /novel/authorCode/detail/6 -> the detail page, HTTP 200 text/html",probe,no,"author_code holds ids 6,7,8; the null model breaks the template at novel-admin/src/main/java/com/java2nb/novel/controller/AuthorCodeController.java:77."
C099,dependency,"a filePath that names a file already under the upload root, i.e. the url GET /common/sysFile/list returns with its /files/ prefix stripped","PROBE: GET /common/sysFile/download?filePath=test.txt&fileName=download.txt -> <title>500错误</title>; filePath=2026/10/02/161f9f71-51d0-44f2-955d-977ba56680c5.txt (from GET /common/sysFile/list url ""/files/2026/10/02/161f9f71-....txt"") -> HTTP 200, Content-Disposition attachment, body ""hello""",probe,no,"fileDownload opens uploadPath+filePath with no existence check (novel-admin/src/main/java/com/java2nb/common/controller/FileController.java:180); the producer's value needs the /files/ prefix removed, so even a correct dependency lookup needs that reshaping."
C100,neither,none — the handler takes no parameters at all; the NPE comes from a sys_menu row whose parent_id is NULL,"PROBE: GET /sys/menu/tree?parentId=0 -> <title>500错误</title> (log: NPE at novel-admin/src/main/java/com/java2nb/system/service/impl/MenuServiceImpl.java:89, MenuDO.getParentId() is null); after UPDATE sys_menu SET parent_id=0 WHERE menu_id=645 the same request returns the tree JSON; restored to NULL and it 500s again",probe,no,"tree() is declared with no arguments (novel-admin/src/main/java/com/java2nb/system/controller/MenuController.java:119) so `parentId` is ignored; menu_id 645 is an all-NULL row the run itself inserted through POST /sys/menu/save, which poisons this endpoint for the rest of the run."
